>MA0004.1	Arnt
A  [     4     19      0      0      0      0 ]
C  [    16      0     20      0      0      0 ]
G  [     0      1      0     20      0     20 ]
T  [     0      0      0      0     20      0 ]
>MA0069.1	PAX6
A  [     2      2      4     39      3      1      1     21      1      2     36     11      1      1 ]
C  [     4      2     26      2     34      0     37      2      4     14      0     11      5      0 ]
G  [     4      0      1      1      1     41      4      2      1     25      6     13      3     17 ]
T  [    33     39     12      1      5      1      1     18     37      2      1      8     34     25 ]
>MA0071.1	RORA
A  [    15      9      6     11     21      0      0      0      0     25 ]
C  [     1      1     12      2      0      0      0      0     25      0 ]
G  [     2      0      4      5      4     25     25      0      0      0 ]
T  [     7     15      3      7      0      0      0     25      0      0 ]
>MA0074.1	RXRA::VDR
A  [     3      0      0      0      0      9      4      2      2      5      0      0      1      0      7 ]
C  [     0      0      0      0      9      0      2      4      0      0      0      0      0      9      1 ]
G  [     7     10      9      0      0      1      0      2      8      5     10      0      0      0      2 ]
T  [     0      0      1     10      1      0      4      2      0      0      0     10      9      1      0 ]
>MA0101.1	REL
A  [     0      0      1      5      6      5      1      2      0      1 ]
C  [     5      1      0      1      5      1      0      0     15     16 ]
G  [     8     15     15      9      3      1      0      0      0      0 ]
T  [     4      1      1      2      3     10     16     15      2      0 ]